1,0,382.00,192.00,147.00,474.00,1.0,-1,-1,-1
2,0,382.00,193.00,151.00,472.00,1.0,-1,-1,-1
3,0,381.00,193.00,152.00,471.00,1.0,-1,-1,-1
4,0,383.00,193.00,146.00,471.00,1.0,-1,-1,-1
5,0,382.00,192.00,143.00,472.00,1.0,-1,-1,-1
6,0,383.00,192.00,140.00,472.00,1.0,-1,-1,-1
7,0,383.00,192.00,139.00,472.00,1.0,-1,-1,-1
8,0,383.00,192.00,138.00,473.00,1.0,-1,-1,-1
9,0,382.00,192.00,138.00,477.00,1.0,-1,-1,-1
10,0,380.00,191.00,139.00,479.00,1.0,-1,-1,-1
11,0,377.00,191.00,143.00,479.00,1.0,-1,-1,-1
12,0,373.00,191.00,151.00,479.00,1.0,-1,-1,-1
13,0,369.00,190.00,156.00,481.00,1.0,-1,-1,-1
13,1,1297.00,162.00,93.00,477.00,1.0,-1,-1,-1
14,0,367.00,190.00,158.00,481.00,1.0,-1,-1,-1
14,1,1238.00,169.00,152.00,471.00,1.0,-1,-1,-1
15,0,363.00,190.00,158.00,481.00,1.0,-1,-1,-1
15,1,1218.00,174.00,172.00,469.00,1.0,-1,-1,-1
16,0,361.00,188.00,153.00,483.00,1.0,-1,-1,-1
16,1,1211.00,176.00,179.00,468.00,1.0,-1,-1,-1
17,0,361.00,187.00,145.00,484.00,1.0,-1,-1,-1
17,1,1210.00,173.00,180.00,471.00,1.0,-1,-1,-1
18,0,359.00,187.00,151.00,485.00,1.0,-1,-1,-1
18,1,1210.00,168.00,180.00,477.00,1.0,-1,-1,-1
19,0,359.00,186.00,158.00,485.00,1.0,-1,-1,-1
19,1,1210.00,167.00,147.00,478.00,1.0,-1,-1,-1
20,0,359.00,187.00,161.00,484.00,1.0,-1,-1,-1
20,1,1195.00,164.00,130.00,488.00,1.0,-1,-1,-1
21,0,358.00,187.00,165.00,484.00,1.0,-1,-1,-1
21,1,1137.00,168.00,167.00,487.00,1.0,-1,-1,-1
22,0,358.00,187.00,165.00,485.00,1.0,-1,-1,-1
22,1,1080.00,170.00,209.00,483.00,1.0,-1,-1,-1
23,0,357.00,187.00,165.00,485.00,1.0,-1,-1,-1
23,1,1057.00,176.00,232.00,478.00,1.0,-1,-1,-1
24,0,358.00,188.00,160.00,483.00,1.0,-1,-1,-1
24,1,1052.00,175.00,228.00,482.00,1.0,-1,-1,-1
25,0,358.00,188.00,155.00,484.00,1.0,-1,-1,-1
25,1,1052.00,172.00,191.00,486.00,1.0,-1,-1,-1
26,0,359.00,188.00,150.00,484.00,1.0,-1,-1,-1
26,1,1052.00,172.00,146.00,486.00,1.0,-1,-1,-1
27,0,359.00,189.00,143.00,483.00,1.0,-1,-1,-1
27,1,1026.00,170.00,145.00,488.00,1.0,-1,-1,-1
28,0,360.00,190.00,142.00,482.00,1.0,-1,-1,-1
28,1,1001.00,169.00,152.00,490.00,1.0,-1,-1,-1
29,0,360.00,191.00,141.00,482.00,1.0,-1,-1,-1
29,1,936.00,172.00,199.00,487.00,1.0,-1,-1,-1
30,0,361.00,192.00,141.00,481.00,1.0,-1,-1,-1
30,1,893.00,176.00,237.00,484.00,1.0,-1,-1,-1
31,0,362.00,193.00,141.00,480.00,1.0,-1,-1,-1
31,1,879.00,179.00,252.00,481.00,1.0,-1,-1,-1
32,0,361.00,193.00,143.00,480.00,1.0,-1,-1,-1
32,1,876.00,179.00,253.00,481.00,1.0,-1,-1,-1
33,0,362.00,193.00,143.00,480.00,1.0,-1,-1,-1
33,1,876.00,176.00,238.00,483.00,1.0,-1,-1,-1
34,0,364.00,195.00,142.00,478.00,1.0,-1,-1,-1
34,1,876.00,172.00,204.00,483.00,1.0,-1,-1,-1
35,0,363.00,195.00,143.00,478.00,1.0,-1,-1,-1
35,1,876.00,170.00,165.00,486.00,1.0,-1,-1,-1
36,0,363.00,195.00,143.00,476.00,1.0,-1,-1,-1
36,1,858.00,171.00,158.00,492.00,1.0,-1,-1,-1
37,0,363.00,195.00,145.00,474.00,1.0,-1,-1,-1
37,1,836.00,170.00,171.00,498.00,1.0,-1,-1,-1
38,0,363.00,195.00,149.00,472.00,1.0,-1,-1,-1
38,1,816.00,171.00,183.00,498.00,1.0,-1,-1,-1
38,2,1277.00,110.00,113.00,606.00,1.0,-1,-1,-1
39,0,363.00,194.00,151.00,473.00,1.0,-1,-1,-1
39,1,801.00,172.00,189.00,497.00,1.0,-1,-1,-1
39,2,1189.00,114.00,201.00,601.00,1.0,-1,-1,-1
40,0,365.00,195.00,149.00,471.00,1.0,-1,-1,-1
40,1,791.00,174.00,189.00,495.00,1.0,-1,-1,-1
40,2,1151.00,118.00,239.00,601.00,1.0,-1,-1,-1
41,0,365.00,195.00,146.00,471.00,1.0,-1,-1,-1
41,1,789.00,172.00,178.00,497.00,1.0,-1,-1,-1
41,2,1140.00,119.00,250.00,602.00,1.0,-1,-1,-1
42,0,364.00,195.00,143.00,473.00,1.0,-1,-1,-1
42,1,791.00,171.00,161.00,499.00,1.0,-1,-1,-1
42,2,1138.00,122.00,252.00,617.00,1.0,-1,-1,-1
43,0,361.00,196.00,142.00,475.00,1.0,-1,-1,-1
43,1,787.00,172.00,149.00,498.00,1.0,-1,-1,-1
43,2,1139.00,118.00,230.00,604.00,1.0,-1,-1,-1
44,0,355.00,196.00,143.00,476.00,1.0,-1,-1,-1
44,1,755.00,173.00,169.00,497.00,1.0,-1,-1,-1
44,2,1138.00,117.00,162.00,605.00,1.0,-1,-1,-1
45,0,352.00,195.00,143.00,477.00,1.0,-1,-1,-1
45,1,753.00,172.00,161.00,499.00,1.0,-1,-1,-1
45,2,1097.00,117.00,163.00,607.00,1.0,-1,-1,-1
46,0,346.00,194.00,146.00,479.00,1.0,-1,-1,-1
46,1,752.00,172.00,155.00,499.00,1.0,-1,-1,-1
46,2,1041.00,119.00,224.00,607.00,1.0,-1,-1,-1
47,0,343.00,194.00,145.00,479.00,1.0,-1,-1,-1
47,1,746.00,174.00,159.00,498.00,1.0,-1,-1,-1
47,2,968.00,128.00,289.00,596.00,1.0,-1,-1,-1
48,0,339.00,195.00,144.00,478.00,1.0,-1,-1,-1
48,1,736.00,175.00,165.00,496.00,1.0,-1,-1,-1
48,2,944.00,131.00,290.00,597.00,1.0,-1,-1,-1
49,0,337.00,195.00,147.00,478.00,1.0,-1,-1,-1
49,1,728.00,176.00,162.00,494.00,1.0,-1,-1,-1
49,2,939.00,132.00,275.00,598.00,1.0,-1,-1,-1
50,0,334.00,194.00,150.00,480.00,1.0,-1,-1,-1
50,1,725.00,176.00,154.00,493.00,1.0,-1,-1,-1
50,2,938.00,131.00,225.00,599.00,1.0,-1,-1,-1
51,0,335.00,194.00,151.00,480.00,1.0,-1,-1,-1
51,1,723.00,176.00,151.00,493.00,1.0,-1,-1,-1
51,2,937.00,128.00,172.00,603.00,1.0,-1,-1,-1
52,0,333.00,194.00,160.00,480.00,1.0,-1,-1,-1
52,1,723.00,176.00,149.00,494.00,1.0,-1,-1,-1
52,2,910.00,127.00,152.00,604.00,1.0,-1,-1,-1
53,0,333.00,195.00,167.00,479.00,1.0,-1,-1,-1
53,1,724.00,175.00,144.00,496.00,1.0,-1,-1,-1
53,2,879.00,126.00,163.00,605.00,1.0,-1,-1,-1
54,0,333.00,195.00,172.00,480.00,1.0,-1,-1,-1
54,1,726.00,174.00,139.00,497.00,1.0,-1,-1,-1
54,2,817.00,129.00,207.00,602.00,1.0,-1,-1,-1
55,0,335.00,195.00,176.00,480.00,1.0,-1,-1,-1
55,1,729.00,175.00,134.00,496.00,1.0,-1,-1,-1
55,2,775.00,133.00,247.00,598.00,1.0,-1,-1,-1
56,0,337.00,194.00,175.00,481.00,1.0,-1,-1,-1
56,1,732.00,174.00,130.00,497.00,1.0,-1,-1,-1
56,2,760.00,137.00,259.00,594.00,1.0,-1,-1,-1
57,0,340.00,195.00,170.00,480.00,1.0,-1,-1,-1
57,1,733.00,175.00,116.00,496.00,1.0,-1,-1,-1
57,2,758.00,140.00,255.00,590.00,1.0,-1,-1,-1
58,0,342.00,195.00,162.00,481.00,1.0,-1,-1,-1
58,1,733.00,174.00,96.00,497.00,1.0,-1,-1,-1
58,2,758.00,138.00,229.00,589.00,1.0,-1,-1,-1
59,0,346.00,196.00,149.00,480.00,1.0,-1,-1,-1
59,1,731.00,172.00,84.00,499.00,1.0,-1,-1,-1
59,2,758.00,136.00,192.00,577.00,1.0,-1,-1,-1
60,0,350.00,197.00,140.00,479.00,1.0,-1,-1,-1
60,1,729.00,175.00,78.00,496.00,1.0,-1,-1,-1
60,2,751.00,134.00,200.00,575.00,1.0,-1,-1,-1
61,0,355.00,199.00,140.00,476.00,1.0,-1,-1,-1
61,1,729.00,186.00,106.00,486.00,1.0,-1,-1,-1
61,2,740.00,134.00,202.00,576.00,1.0,-1,-1,-1
62,0,360.00,198.00,139.00,478.00,1.0,-1,-1,-1
62,1,734.00,203.00,103.00,457.00,1.0,-1,-1,-1
62,2,727.00,135.00,205.00,576.00,1.0,-1,-1,-1
63,0,361.00,199.00,141.00,476.00,1.0,-1,-1,-1
63,1,735.00,194.00,102.00,474.00,1.0,-1,-1,-1
63,2,714.00,136.00,204.00,578.00,1.0,-1,-1,-1
64,0,364.00,200.00,141.00,475.00,1.0,-1,-1,-1
64,1,795.00,455.00,41.00,176.00,1.0,-1,-1,-1
64,2,708.00,137.00,191.00,577.00,1.0,-1,-1,-1
65,0,367.00,200.00,140.00,475.00,1.0,-1,-1,-1
65,1,795.00,438.00,40.00,219.00,1.0,-1,-1,-1
65,2,701.00,137.00,174.00,578.00,1.0,-1,-1,-1
66,0,368.00,201.00,148.00,472.00,1.0,-1,-1,-1
66,1,724.00,455.00,110.00,226.00,1.0,-1,-1,-1
66,2,692.00,136.00,162.00,579.00,1.0,-1,-1,-1
67,0,368.00,200.00,157.00,472.00,1.0,-1,-1,-1
67,1,783.00,212.00,68.00,459.00,1.0,-1,-1,-1
67,2,682.00,135.00,161.00,580.00,1.0,-1,-1,-1
68,0,368.00,200.00,162.00,472.00,1.0,-1,-1,-1
68,1,780.00,181.00,68.00,489.00,1.0,-1,-1,-1
68,2,672.00,136.00,167.00,579.00,1.0,-1,-1,-1
69,0,368.00,200.00,162.00,472.00,1.0,-1,-1,-1
69,1,774.00,181.00,70.00,489.00,1.0,-1,-1,-1
69,2,668.00,135.00,164.00,579.00,1.0,-1,-1,-1
70,0,366.00,199.00,159.00,473.00,1.0,-1,-1,-1
70,1,767.00,181.00,73.00,489.00,1.0,-1,-1,-1
70,2,664.00,135.00,163.00,579.00,1.0,-1,-1,-1
71,0,363.00,199.00,153.00,474.00,1.0,-1,-1,-1
71,1,760.00,184.00,77.00,486.00,1.0,-1,-1,-1
71,2,660.00,135.00,162.00,579.00,1.0,-1,-1,-1
72,0,361.00,199.00,145.00,474.00,1.0,-1,-1,-1
72,1,757.00,180.00,76.00,489.00,1.0,-1,-1,-1
72,2,656.00,133.00,162.00,580.00,1.0,-1,-1,-1
73,0,360.00,199.00,137.00,477.00,1.0,-1,-1,-1
73,1,753.00,179.00,77.00,489.00,1.0,-1,-1,-1
73,2,652.00,133.00,162.00,578.00,1.0,-1,-1,-1
73,3,1272.00,394.00,118.00,457.00,1.0,-1,-1,-1
74,0,360.00,199.00,135.00,477.00,1.0,-1,-1,-1
74,1,739.00,177.00,88.00,491.00,1.0,-1,-1,-1
74,2,649.00,134.00,164.00,573.00,1.0,-1,-1,-1
74,3,1267.00,104.00,123.00,747.00,1.0,-1,-1,-1
75,0,355.00,198.00,136.00,478.00,1.0,-1,-1,-1
75,1,735.00,178.00,89.00,488.00,1.0,-1,-1,-1
75,2,648.00,135.00,165.00,568.00,1.0,-1,-1,-1
75,3,1267.00,95.00,123.00,756.00,1.0,-1,-1,-1
76,0,350.00,197.00,138.00,479.00,1.0,-1,-1,-1
76,1,732.00,179.00,89.00,491.00,1.0,-1,-1,-1
76,2,646.00,135.00,167.00,568.00,1.0,-1,-1,-1
76,3,1240.00,76.00,150.00,775.00,1.0,-1,-1,-1
77,0,346.00,197.00,143.00,479.00,1.0,-1,-1,-1
77,1,733.00,181.00,85.00,490.00,1.0,-1,-1,-1
77,2,646.00,135.00,168.00,569.00,1.0,-1,-1,-1
77,3,1177.00,75.00,213.00,776.00,1.0,-1,-1,-1
78,0,343.00,197.00,146.00,479.00,1.0,-1,-1,-1
78,1,735.00,185.00,82.00,486.00,1.0,-1,-1,-1
78,2,647.00,134.00,168.00,570.00,1.0,-1,-1,-1
78,3,1095.00,82.00,295.00,768.00,1.0,-1,-1,-1
79,0,339.00,196.00,150.00,480.00,1.0,-1,-1,-1
79,1,735.00,189.00,81.00,481.00,1.0,-1,-1,-1
79,2,650.00,133.00,168.00,570.00,1.0,-1,-1,-1
79,3,988.00,98.00,402.00,752.00,1.0,-1,-1,-1
80,0,336.00,196.00,153.00,479.00,1.0,-1,-1,-1
80,1,736.00,190.00,80.00,480.00,1.0,-1,-1,-1
80,2,650.00,133.00,169.00,570.00,1.0,-1,-1,-1
80,3,947.00,109.00,437.00,740.00,1.0,-1,-1,-1
81,0,335.00,195.00,153.00,480.00,1.0,-1,-1,-1
81,1,736.00,191.00,80.00,479.00,1.0,-1,-1,-1
81,2,650.00,133.00,171.00,570.00,1.0,-1,-1,-1
81,3,936.00,113.00,413.00,733.00,1.0,-1,-1,-1
82,0,334.00,194.00,155.00,481.00,1.0,-1,-1,-1
82,1,708.00,190.00,106.00,480.00,1.0,-1,-1,-1
82,2,650.00,133.00,172.00,570.00,1.0,-1,-1,-1
82,3,935.00,113.00,336.00,714.00,1.0,-1,-1,-1
83,0,334.00,193.00,159.00,481.00,1.0,-1,-1,-1
83,1,708.00,190.00,105.00,480.00,1.0,-1,-1,-1
83,2,650.00,132.00,172.00,571.00,1.0,-1,-1,-1
83,3,912.00,110.00,270.00,707.00,1.0,-1,-1,-1
84,0,334.00,194.00,164.00,480.00,1.0,-1,-1,-1
84,1,737.00,191.00,73.00,478.00,1.0,-1,-1,-1
84,2,650.00,132.00,173.00,571.00,1.0,-1,-1,-1
84,3,878.00,100.00,209.00,725.00,1.0,-1,-1,-1
85,0,334.00,194.00,164.00,480.00,1.0,-1,-1,-1
85,1,736.00,190.00,76.00,479.00,1.0,-1,-1,-1
85,2,650.00,132.00,173.00,571.00,1.0,-1,-1,-1
85,3,847.00,99.00,204.00,720.00,1.0,-1,-1,-1
86,0,333.00,194.00,162.00,480.00,1.0,-1,-1,-1
86,1,736.00,190.00,75.00,478.00,1.0,-1,-1,-1
86,2,650.00,132.00,175.00,570.00,1.0,-1,-1,-1
86,3,732.00,102.00,316.00,713.00,1.0,-1,-1,-1
87,0,334.00,194.00,155.00,479.00,1.0,-1,-1,-1
87,1,736.00,190.00,48.00,478.00,1.0,-1,-1,-1
87,2,650.00,132.00,157.00,561.00,1.0,-1,-1,-1
87,3,665.00,115.00,383.00,696.00,1.0,-1,-1,-1
88,0,336.00,195.00,145.00,478.00,1.0,-1,-1,-1
88,1,736.00,186.00,76.00,500.00,1.0,-1,-1,-1
88,2,650.00,132.00,161.00,567.00,1.0,-1,-1,-1
88,3,646.00,127.00,398.00,688.00,1.0,-1,-1,-1
89,0,336.00,195.00,144.00,478.00,1.0,-1,-1,-1
89,1,0.00,0.00,0.00,0.00,1.0,-1,-1,-1
89,2,650.00,145.00,163.00,556.00,1.0,-1,-1,-1
89,3,641.00,123.00,369.00,695.00,1.0,-1,-1,-1
90,0,337.00,195.00,144.00,477.00,1.0,-1,-1,-1
90,1,0.00,0.00,0.00,0.00,1.0,-1,-1,-1
90,2,650.00,224.00,161.00,477.00,1.0,-1,-1,-1
90,3,640.00,116.00,294.00,701.00,1.0,-1,-1,-1
91,0,340.00,195.00,143.00,477.00,1.0,-1,-1,-1
91,1,746.00,162.00,66.00,153.00,1.0,-1,-1,-1
91,2,739.00,135.00,89.00,501.00,1.0,-1,-1,-1
91,3,621.00,109.00,236.00,708.00,1.0,-1,-1,-1
92,0,342.00,195.00,142.00,477.00,1.0,-1,-1,-1
92,1,735.00,162.00,74.00,504.00,1.0,-1,-1,-1
92,2,708.00,132.00,120.00,567.00,1.0,-1,-1,-1
92,3,572.00,106.00,220.00,711.00,1.0,-1,-1,-1
93,0,343.00,196.00,142.00,475.00,1.0,-1,-1,-1
93,1,696.00,162.00,113.00,506.00,1.0,-1,-1,-1
93,2,703.00,130.00,125.00,569.00,1.0,-1,-1,-1
93,3,531.00,105.00,224.00,712.00,1.0,-1,-1,-1
94,0,344.00,196.00,142.00,474.00,1.0,-1,-1,-1
94,1,550.00,144.00,260.00,522.00,1.0,-1,-1,-1
94,2,678.00,130.00,151.00,569.00,1.0,-1,-1,-1
94,3,486.00,115.00,267.00,701.00,1.0,-1,-1,-1
95,0,345.00,196.00,145.00,473.00,1.0,-1,-1,-1
95,1,737.00,186.00,73.00,480.00,1.0,-1,-1,-1
95,2,661.00,131.00,168.00,568.00,1.0,-1,-1,-1
95,3,429.00,126.00,322.00,690.00,1.0,-1,-1,-1
96,0,344.00,196.00,126.00,470.00,1.0,-1,-1,-1
96,1,736.00,185.00,74.00,481.00,1.0,-1,-1,-1
96,2,650.00,130.00,178.00,568.00,1.0,-1,-1,-1
96,3,415.00,128.00,329.00,688.00,1.0,-1,-1,-1
97,0,345.00,195.00,121.00,469.00,1.0,-1,-1,-1
97,1,736.00,185.00,74.00,481.00,1.0,-1,-1,-1
97,2,650.00,129.00,178.00,569.00,1.0,-1,-1,-1
97,3,403.00,130.00,306.00,681.00,1.0,-1,-1,-1
98,0,345.00,192.00,96.00,471.00,1.0,-1,-1,-1
98,1,735.00,185.00,75.00,480.00,1.0,-1,-1,-1
98,2,650.00,129.00,178.00,569.00,1.0,-1,-1,-1
98,3,381.00,130.00,258.00,667.00,1.0,-1,-1,-1
99,0,349.00,461.00,81.00,202.00,1.0,-1,-1,-1
99,1,735.00,185.00,74.00,480.00,1.0,-1,-1,-1
99,2,650.00,129.00,178.00,568.00,1.0,-1,-1,-1
99,3,349.00,125.00,223.00,664.00,1.0,-1,-1,-1
100,0,0.00,0.00,0.00,0.00,1.0,-1,-1,-1
100,1,735.00,185.00,74.00,479.00,1.0,-1,-1,-1
100,2,650.00,128.00,177.00,570.00,1.0,-1,-1,-1
100,3,314.00,125.00,205.00,665.00,1.0,-1,-1,-1
101,0,387.00,194.00,103.00,469.00,1.0,-1,-1,-1
101,1,734.00,185.00,75.00,479.00,1.0,-1,-1,-1
101,2,649.00,128.00,178.00,569.00,1.0,-1,-1,-1
101,3,270.00,129.00,243.00,657.00,1.0,-1,-1,-1
102,0,374.00,198.00,114.00,466.00,1.0,-1,-1,-1
102,1,734.00,185.00,75.00,479.00,1.0,-1,-1,-1
102,2,649.00,128.00,178.00,569.00,1.0,-1,-1,-1
102,3,182.00,131.00,330.00,646.00,1.0,-1,-1,-1
103,0,373.00,197.00,113.00,446.00,1.0,-1,-1,-1
103,1,734.00,184.00,75.00,480.00,1.0,-1,-1,-1
103,2,648.00,128.00,178.00,569.00,1.0,-1,-1,-1
103,3,142.00,137.00,368.00,638.00,1.0,-1,-1,-1
104,0,355.00,197.00,130.00,454.00,1.0,-1,-1,-1
104,1,734.00,184.00,75.00,479.00,1.0,-1,-1,-1
104,2,649.00,128.00,177.00,569.00,1.0,-1,-1,-1
104,3,137.00,140.00,356.00,639.00,1.0,-1,-1,-1
105,0,339.00,197.00,145.00,464.00,1.0,-1,-1,-1
105,1,734.00,184.00,74.00,479.00,1.0,-1,-1,-1
105,2,649.00,127.00,177.00,570.00,1.0,-1,-1,-1
105,3,137.00,139.00,301.00,640.00,1.0,-1,-1,-1
106,0,338.00,196.00,144.00,470.00,1.0,-1,-1,-1
106,1,734.00,185.00,74.00,478.00,1.0,-1,-1,-1
106,2,649.00,126.00,177.00,571.00,1.0,-1,-1,-1
106,3,104.00,129.00,265.00,650.00,1.0,-1,-1,-1
107,0,336.00,195.00,144.00,471.00,1.0,-1,-1,-1
107,1,733.00,184.00,75.00,479.00,1.0,-1,-1,-1
107,2,649.00,126.00,178.00,570.00,1.0,-1,-1,-1
107,3,61.00,127.00,234.00,652.00,1.0,-1,-1,-1
108,0,333.00,193.00,144.00,472.00,1.0,-1,-1,-1
108,1,733.00,184.00,74.00,479.00,1.0,-1,-1,-1
108,2,649.00,126.00,177.00,570.00,1.0,-1,-1,-1
108,3,0.00,129.00,249.00,649.00,1.0,-1,-1,-1
109,0,328.00,192.00,146.00,473.00,1.0,-1,-1,-1
109,1,732.00,184.00,75.00,479.00,1.0,-1,-1,-1
109,2,648.00,125.00,178.00,571.00,1.0,-1,-1,-1
109,3,0.00,137.00,245.00,641.00,1.0,-1,-1,-1
110,0,323.00,190.00,148.00,475.00,1.0,-1,-1,-1
110,1,732.00,183.00,75.00,480.00,1.0,-1,-1,-1
110,2,648.00,124.00,178.00,571.00,1.0,-1,-1,-1
110,3,0.00,147.00,245.00,630.00,1.0,-1,-1,-1
111,0,322.00,189.00,148.00,476.00,1.0,-1,-1,-1
111,1,732.00,183.00,75.00,480.00,1.0,-1,-1,-1
111,2,648.00,123.00,178.00,572.00,1.0,-1,-1,-1
111,3,0.00,150.00,240.00,626.00,1.0,-1,-1,-1
112,0,320.00,187.00,148.00,478.00,1.0,-1,-1,-1
112,1,732.00,184.00,72.00,478.00,1.0,-1,-1,-1
112,2,648.00,123.00,177.00,572.00,1.0,-1,-1,-1
112,3,0.00,158.00,216.00,616.00,1.0,-1,-1,-1
113,0,318.00,186.00,149.00,479.00,1.0,-1,-1,-1
113,1,732.00,183.00,71.00,478.00,1.0,-1,-1,-1
113,2,648.00,123.00,177.00,572.00,1.0,-1,-1,-1
113,3,0.00,244.00,150.00,515.00,1.0,-1,-1,-1
114,0,318.00,185.00,148.00,479.00,1.0,-1,-1,-1
114,1,732.00,183.00,71.00,478.00,1.0,-1,-1,-1
114,2,647.00,124.00,178.00,570.00,1.0,-1,-1,-1
114,3,0.00,253.00,85.00,499.00,1.0,-1,-1,-1
115,0,320.00,185.00,145.00,479.00,1.0,-1,-1,-1
115,1,732.00,182.00,71.00,479.00,1.0,-1,-1,-1
115,2,647.00,123.00,178.00,571.00,1.0,-1,-1,-1
115,3,0.00,326.00,19.00,415.00,1.0,-1,-1,-1
116,0,319.00,185.00,143.00,478.00,1.0,-1,-1,-1
116,1,732.00,182.00,70.00,479.00,1.0,-1,-1,-1
116,2,646.00,122.00,178.00,572.00,1.0,-1,-1,-1
116,3,0.00,677.00,15.00,61.00,1.0,-1,-1,-1
117,0,319.00,183.00,144.00,480.00,1.0,-1,-1,-1
117,1,732.00,181.00,70.00,479.00,1.0,-1,-1,-1
117,2,646.00,122.00,178.00,572.00,1.0,-1,-1,-1
117,3,0.00,0.00,0.00,0.00,1.0,-1,-1,-1
118,0,318.00,183.00,148.00,480.00,1.0,-1,-1,-1
118,1,731.00,181.00,71.00,479.00,1.0,-1,-1,-1
118,2,645.00,123.00,178.00,571.00,1.0,-1,-1,-1
118,3,0.00,0.00,0.00,0.00,1.0,-1,-1,-1
119,0,318.00,184.00,148.00,478.00,1.0,-1,-1,-1
119,1,731.00,180.00,71.00,480.00,1.0,-1,-1,-1
119,2,645.00,123.00,178.00,570.00,1.0,-1,-1,-1
119,3,0.00,0.00,0.00,0.00,1.0,-1,-1,-1
120,0,324.00,186.00,142.00,476.00,1.0,-1,-1,-1
120,1,731.00,180.00,70.00,479.00,1.0,-1,-1,-1
120,2,645.00,122.00,178.00,571.00,1.0,-1,-1,-1
120,3,0.00,0.00,0.00,0.00,1.0,-1,-1,-1
121,0,329.00,185.00,139.00,476.00,1.0,-1,-1,-1
121,1,729.00,177.00,73.00,482.00,1.0,-1,-1,-1
121,2,645.00,123.00,178.00,569.00,1.0,-1,-1,-1
121,3,0.00,0.00,0.00,0.00,1.0,-1,-1,-1
122,0,331.00,186.00,137.00,473.00,1.0,-1,-1,-1
122,1,729.00,176.00,64.00,482.00,1.0,-1,-1,-1
122,2,644.00,120.00,178.00,571.00,1.0,-1,-1,-1
122,3,0.00,0.00,0.00,0.00,1.0,-1,-1,-1
123,0,331.00,185.00,142.00,469.00,1.0,-1,-1,-1
123,1,728.00,175.00,64.00,483.00,1.0,-1,-1,-1
123,2,643.00,120.00,179.00,571.00,1.0,-1,-1,-1
123,3,0.00,0.00,0.00,0.00,1.0,-1,-1,-1
124,0,330.00,185.00,147.00,467.00,1.0,-1,-1,-1
124,1,727.00,175.00,65.00,482.00,1.0,-1,-1,-1
124,2,643.00,120.00,178.00,570.00,1.0,-1,-1,-1
124,3,0.00,0.00,0.00,0.00,1.0,-1,-1,-1
125,0,326.00,184.00,145.00,466.00,1.0,-1,-1,-1
125,1,727.00,175.00,63.00,481.00,1.0,-1,-1,-1
125,2,641.00,118.00,180.00,572.00,1.0,-1,-1,-1
125,3,0.00,0.00,0.00,0.00,1.0,-1,-1,-1
126,0,323.00,184.00,136.00,465.00,1.0,-1,-1,-1
126,1,726.00,174.00,72.00,480.00,1.0,-1,-1,-1
126,2,641.00,117.00,180.00,572.00,1.0,-1,-1,-1
126,3,0.00,0.00,0.00,0.00,1.0,-1,-1,-1
127,0,308.00,184.00,144.00,467.00,1.0,-1,-1,-1
127,1,725.00,174.00,64.00,480.00,1.0,-1,-1,-1
127,2,640.00,116.00,180.00,573.00,1.0,-1,-1,-1
127,3,0.00,0.00,0.00,0.00,1.0,-1,-1,-1
128,0,303.00,184.00,146.00,472.00,1.0,-1,-1,-1
128,1,725.00,175.00,71.00,478.00,1.0,-1,-1,-1
128,2,640.00,115.00,180.00,574.00,1.0,-1,-1,-1
128,3,0.00,0.00,0.00,0.00,1.0,-1,-1,-1
129,0,292.00,183.00,157.00,472.00,1.0,-1,-1,-1
129,1,724.00,174.00,72.00,479.00,1.0,-1,-1,-1
129,2,639.00,115.00,180.00,573.00,1.0,-1,-1,-1
129,3,0.00,0.00,0.00,0.00,1.0,-1,-1,-1
130,0,276.00,181.00,171.00,474.00,1.0,-1,-1,-1
130,1,724.00,171.00,72.00,481.00,1.0,-1,-1,-1
130,2,639.00,114.00,179.00,574.00,1.0,-1,-1,-1
130,3,0.00,0.00,0.00,0.00,1.0,-1,-1,-1
131,0,268.00,177.00,169.00,477.00,1.0,-1,-1,-1
131,1,724.00,170.00,72.00,482.00,1.0,-1,-1,-1
131,2,638.00,113.00,180.00,575.00,1.0,-1,-1,-1
131,3,0.00,0.00,0.00,0.00,1.0,-1,-1,-1
132,0,263.00,176.00,149.00,478.00,1.0,-1,-1,-1
132,1,703.00,128.00,93.00,524.00,1.0,-1,-1,-1
132,2,638.00,114.00,179.00,573.00,1.0,-1,-1,-1
132,3,0.00,0.00,0.00,0.00,1.0,-1,-1,-1
133,0,262.00,175.00,147.00,479.00,1.0,-1,-1,-1
133,1,702.00,128.00,94.00,524.00,1.0,-1,-1,-1
133,2,637.00,113.00,180.00,574.00,1.0,-1,-1,-1
133,3,0.00,0.00,0.00,0.00,1.0,-1,-1,-1
134,0,263.00,175.00,147.00,478.00,1.0,-1,-1,-1
134,1,702.00,128.00,94.00,524.00,1.0,-1,-1,-1
134,2,637.00,113.00,180.00,574.00,1.0,-1,-1,-1
134,3,0.00,0.00,0.00,0.00,1.0,-1,-1,-1
135,0,266.00,175.00,159.00,478.00,1.0,-1,-1,-1
135,1,702.00,128.00,94.00,524.00,1.0,-1,-1,-1
135,2,638.00,113.00,179.00,574.00,1.0,-1,-1,-1
135,3,0.00,0.00,0.00,0.00,1.0,-1,-1,-1
136,0,271.00,176.00,176.00,478.00,1.0,-1,-1,-1
136,1,703.00,128.00,93.00,524.00,1.0,-1,-1,-1
136,2,638.00,114.00,179.00,573.00,1.0,-1,-1,-1
136,3,0.00,0.00,0.00,0.00,1.0,-1,-1,-1
137,0,282.00,178.00,166.00,475.00,1.0,-1,-1,-1
137,1,723.00,168.00,72.00,485.00,1.0,-1,-1,-1
137,2,638.00,115.00,180.00,572.00,1.0,-1,-1,-1
137,3,0.00,0.00,0.00,0.00,1.0,-1,-1,-1
138,0,293.00,180.00,155.00,474.00,1.0,-1,-1,-1
138,1,723.00,169.00,70.00,483.00,1.0,-1,-1,-1
138,2,639.00,115.00,179.00,572.00,1.0,-1,-1,-1
138,3,0.00,0.00,0.00,0.00,1.0,-1,-1,-1
139,0,300.00,182.00,148.00,472.00,1.0,-1,-1,-1
139,1,723.00,169.00,70.00,483.00,1.0,-1,-1,-1
139,2,639.00,116.00,179.00,572.00,1.0,-1,-1,-1
139,3,0.00,0.00,0.00,0.00,1.0,-1,-1,-1
140,0,300.00,182.00,148.00,472.00,1.0,-1,-1,-1
140,1,723.00,169.00,69.00,483.00,1.0,-1,-1,-1
140,2,638.00,116.00,179.00,572.00,1.0,-1,-1,-1
140,3,0.00,0.00,0.00,0.00,1.0,-1,-1,-1
141,0,303.00,183.00,151.00,471.00,1.0,-1,-1,-1
141,1,722.00,169.00,70.00,484.00,1.0,-1,-1,-1
141,2,639.00,117.00,179.00,571.00,1.0,-1,-1,-1
141,3,0.00,0.00,0.00,0.00,1.0,-1,-1,-1
142,0,309.00,183.00,150.00,469.00,1.0,-1,-1,-1
142,1,722.00,169.00,70.00,484.00,1.0,-1,-1,-1
142,2,638.00,117.00,180.00,571.00,1.0,-1,-1,-1
142,3,0.00,0.00,0.00,0.00,1.0,-1,-1,-1
143,0,321.00,183.00,149.00,467.00,1.0,-1,-1,-1
143,1,722.00,169.00,69.00,484.00,1.0,-1,-1,-1
143,2,639.00,117.00,179.00,571.00,1.0,-1,-1,-1
143,3,0.00,0.00,0.00,0.00,1.0,-1,-1,-1
144,0,328.00,183.00,154.00,467.00,1.0,-1,-1,-1
144,1,722.00,169.00,69.00,484.00,1.0,-1,-1,-1
144,2,639.00,117.00,179.00,571.00,1.0,-1,-1,-1
144,3,0.00,670.00,5.00,14.00,1.0,-1,-1,-1
145,0,329.00,132.00,376.00,518.00,1.0,-1,-1,-1
145,1,721.00,169.00,70.00,484.00,1.0,-1,-1,-1
145,2,639.00,117.00,179.00,572.00,1.0,-1,-1,-1
145,3,0.00,381.00,14.00,330.00,1.0,-1,-1,-1
146,0,331.00,184.00,163.00,466.00,1.0,-1,-1,-1
146,1,721.00,169.00,69.00,484.00,1.0,-1,-1,-1
146,2,639.00,117.00,179.00,572.00,1.0,-1,-1,-1
146,3,0.00,354.00,32.00,358.00,1.0,-1,-1,-1
147,0,331.00,184.00,160.00,466.00,1.0,-1,-1,-1
147,1,721.00,169.00,71.00,486.00,1.0,-1,-1,-1
147,2,639.00,117.00,179.00,572.00,1.0,-1,-1,-1
147,3,0.00,306.00,44.00,406.00,1.0,-1,-1,-1
148,0,330.00,184.00,155.00,466.00,1.0,-1,-1,-1
148,1,721.00,169.00,71.00,486.00,1.0,-1,-1,-1
148,2,639.00,118.00,178.00,572.00,1.0,-1,-1,-1
148,3,0.00,223.00,63.00,490.00,1.0,-1,-1,-1
149,0,329.00,184.00,147.00,467.00,1.0,-1,-1,-1
149,1,721.00,170.00,71.00,486.00,1.0,-1,-1,-1
149,2,639.00,118.00,178.00,572.00,1.0,-1,-1,-1
149,3,0.00,135.00,95.00,578.00,1.0,-1,-1,-1
150,0,327.00,184.00,141.00,468.00,1.0,-1,-1,-1
150,1,721.00,170.00,71.00,486.00,1.0,-1,-1,-1
150,2,639.00,118.00,179.00,572.00,1.0,-1,-1,-1
150,3,0.00,134.00,183.00,579.00,1.0,-1,-1,-1
151,0,326.00,183.00,141.00,470.00,1.0,-1,-1,-1
151,1,721.00,145.00,72.00,511.00,1.0,-1,-1,-1
151,2,639.00,118.00,179.00,572.00,1.0,-1,-1,-1
151,3,0.00,139.00,236.00,576.00,1.0,-1,-1,-1
152,0,324.00,183.00,141.00,470.00,1.0,-1,-1,-1
152,1,721.00,145.00,72.00,511.00,1.0,-1,-1,-1
152,2,640.00,118.00,178.00,573.00,1.0,-1,-1,-1
152,3,0.00,146.00,252.00,569.00,1.0,-1,-1,-1
153,0,322.00,183.00,141.00,472.00,1.0,-1,-1,-1
153,1,721.00,145.00,72.00,511.00,1.0,-1,-1,-1
153,2,640.00,118.00,178.00,573.00,1.0,-1,-1,-1
153,3,0.00,145.00,256.00,569.00,1.0,-1,-1,-1
154,0,318.00,183.00,143.00,476.00,1.0,-1,-1,-1
154,1,722.00,171.00,70.00,485.00,1.0,-1,-1,-1
154,2,640.00,118.00,178.00,573.00,1.0,-1,-1,-1
154,3,0.00,145.00,255.00,563.00,1.0,-1,-1,-1
155,0,313.00,183.00,145.00,477.00,1.0,-1,-1,-1
155,1,722.00,170.00,71.00,487.00,1.0,-1,-1,-1
155,2,640.00,118.00,179.00,573.00,1.0,-1,-1,-1
155,3,46.00,136.00,227.00,573.00,1.0,-1,-1,-1
156,0,309.00,183.00,153.00,477.00,1.0,-1,-1,-1
156,1,659.00,145.00,133.00,512.00,1.0,-1,-1,-1
156,2,640.00,119.00,179.00,572.00,1.0,-1,-1,-1
156,3,70.00,133.00,238.00,587.00,1.0,-1,-1,-1
157,0,304.00,181.00,159.00,480.00,1.0,-1,-1,-1
157,1,722.00,171.00,64.00,485.00,1.0,-1,-1,-1
157,2,640.00,119.00,179.00,573.00,1.0,-1,-1,-1
157,3,91.00,132.00,249.00,592.00,1.0,-1,-1,-1
158,0,300.00,181.00,161.00,480.00,1.0,-1,-1,-1
158,1,722.00,171.00,65.00,486.00,1.0,-1,-1,-1
158,2,640.00,119.00,179.00,573.00,1.0,-1,-1,-1
158,3,111.00,134.00,255.00,590.00,1.0,-1,-1,-1
159,0,299.00,181.00,153.00,480.00,1.0,-1,-1,-1
159,1,723.00,172.00,77.00,485.00,1.0,-1,-1,-1
159,2,640.00,119.00,179.00,573.00,1.0,-1,-1,-1
159,3,129.00,136.00,258.00,592.00,1.0,-1,-1,-1
160,0,319.00,180.00,121.00,481.00,1.0,-1,-1,-1
160,1,724.00,173.00,77.00,484.00,1.0,-1,-1,-1
160,2,640.00,119.00,179.00,573.00,1.0,-1,-1,-1
160,3,147.00,140.00,256.00,589.00,1.0,-1,-1,-1
161,0,312.00,180.00,119.00,482.00,1.0,-1,-1,-1
161,1,724.00,174.00,78.00,483.00,1.0,-1,-1,-1
161,2,641.00,120.00,181.00,573.00,1.0,-1,-1,-1
161,3,166.00,139.00,244.00,590.00,1.0,-1,-1,-1
162,0,321.00,179.00,107.00,483.00,1.0,-1,-1,-1
162,1,723.00,173.00,105.00,485.00,1.0,-1,-1,-1
162,2,641.00,120.00,185.00,573.00,1.0,-1,-1,-1
162,3,183.00,132.00,229.00,597.00,1.0,-1,-1,-1
163,0,322.00,179.00,105.00,482.00,1.0,-1,-1,-1
163,1,724.00,173.00,111.00,485.00,1.0,-1,-1,-1
163,2,641.00,120.00,179.00,573.00,1.0,-1,-1,-1
163,3,200.00,127.00,214.00,603.00,1.0,-1,-1,-1
164,0,324.00,185.00,100.00,478.00,1.0,-1,-1,-1
164,1,724.00,176.00,120.00,482.00,1.0,-1,-1,-1
164,2,641.00,120.00,177.00,574.00,1.0,-1,-1,-1
164,3,215.00,128.00,245.00,602.00,1.0,-1,-1,-1
165,0,327.00,202.00,68.00,462.00,1.0,-1,-1,-1
165,1,725.00,177.00,126.00,480.00,1.0,-1,-1,-1
165,2,641.00,120.00,177.00,574.00,1.0,-1,-1,-1
165,3,232.00,132.00,267.00,598.00,1.0,-1,-1,-1
166,0,295.00,182.00,98.00,482.00,1.0,-1,-1,-1
166,1,726.00,183.00,136.00,473.00,1.0,-1,-1,-1
166,2,641.00,122.00,178.00,572.00,1.0,-1,-1,-1
166,3,252.00,136.00,253.00,595.00,1.0,-1,-1,-1
167,0,297.00,180.00,96.00,485.00,1.0,-1,-1,-1
167,1,725.00,185.00,174.00,469.00,1.0,-1,-1,-1
167,2,641.00,120.00,177.00,575.00,1.0,-1,-1,-1
167,3,270.00,137.00,235.00,594.00,1.0,-1,-1,-1
168,0,277.00,179.00,128.00,485.00,1.0,-1,-1,-1
168,1,726.00,182.00,215.00,471.00,1.0,-1,-1,-1
168,2,640.00,121.00,178.00,574.00,1.0,-1,-1,-1
168,3,283.00,135.00,235.00,599.00,1.0,-1,-1,-1
169,0,277.00,179.00,144.00,484.00,1.0,-1,-1,-1
169,1,725.00,180.00,252.00,477.00,1.0,-1,-1,-1
169,2,640.00,124.00,178.00,571.00,1.0,-1,-1,-1
169,3,293.00,133.00,247.00,601.00,1.0,-1,-1,-1
170,0,276.00,180.00,151.00,481.00,1.0,-1,-1,-1
170,1,726.00,179.00,281.00,483.00,1.0,-1,-1,-1
170,2,640.00,123.00,178.00,573.00,1.0,-1,-1,-1
170,3,300.00,133.00,255.00,607.00,1.0,-1,-1,-1
171,0,276.00,181.00,153.00,482.00,1.0,-1,-1,-1
171,1,724.00,183.00,296.00,481.00,1.0,-1,-1,-1
171,2,640.00,123.00,178.00,573.00,1.0,-1,-1,-1
171,3,306.00,134.00,258.00,607.00,1.0,-1,-1,-1
172,0,277.00,181.00,152.00,483.00,1.0,-1,-1,-1
172,1,729.00,186.00,292.00,478.00,1.0,-1,-1,-1
172,2,640.00,123.00,179.00,573.00,1.0,-1,-1,-1
172,3,311.00,134.00,257.00,607.00,1.0,-1,-1,-1
173,0,277.00,183.00,150.00,480.00,1.0,-1,-1,-1
173,1,785.00,178.00,238.00,487.00,1.0,-1,-1,-1
173,2,640.00,124.00,179.00,573.00,1.0,-1,-1,-1
173,3,315.00,135.00,252.00,606.00,1.0,-1,-1,-1
174,0,280.00,184.00,136.00,480.00,1.0,-1,-1,-1
174,1,786.00,176.00,237.00,489.00,1.0,-1,-1,-1
174,2,640.00,124.00,179.00,573.00,1.0,-1,-1,-1
174,3,324.00,139.00,243.00,602.00,1.0,-1,-1,-1
175,0,283.00,186.00,119.00,478.00,1.0,-1,-1,-1
175,1,819.00,169.00,204.00,496.00,1.0,-1,-1,-1
175,2,640.00,125.00,179.00,572.00,1.0,-1,-1,-1
175,3,338.00,139.00,232.00,605.00,1.0,-1,-1,-1
176,0,285.00,187.00,118.00,478.00,1.0,-1,-1,-1
176,1,854.00,170.00,171.00,495.00,1.0,-1,-1,-1
176,2,640.00,125.00,178.00,572.00,1.0,-1,-1,-1
176,3,352.00,143.00,266.00,602.00,1.0,-1,-1,-1
177,0,288.00,188.00,118.00,477.00,1.0,-1,-1,-1
177,1,863.00,169.00,168.00,496.00,1.0,-1,-1,-1
177,2,639.00,125.00,179.00,572.00,1.0,-1,-1,-1
177,3,353.00,147.00,289.00,599.00,1.0,-1,-1,-1
178,0,288.00,190.00,129.00,476.00,1.0,-1,-1,-1
178,1,871.00,169.00,165.00,496.00,1.0,-1,-1,-1
178,2,639.00,126.00,178.00,572.00,1.0,-1,-1,-1
178,3,356.00,150.00,291.00,596.00,1.0,-1,-1,-1
179,0,291.00,191.00,133.00,475.00,1.0,-1,-1,-1
179,1,880.00,169.00,160.00,496.00,1.0,-1,-1,-1
179,2,638.00,127.00,179.00,571.00,1.0,-1,-1,-1
179,3,361.00,148.00,285.00,598.00,1.0,-1,-1,-1
180,0,292.00,192.00,136.00,472.00,1.0,-1,-1,-1
180,1,886.00,169.00,155.00,497.00,1.0,-1,-1,-1
180,2,638.00,127.00,179.00,571.00,1.0,-1,-1,-1
180,3,379.00,141.00,268.00,597.00,1.0,-1,-1,-1
181,0,292.00,193.00,138.00,469.00,1.0,-1,-1,-1
181,1,889.00,169.00,154.00,497.00,1.0,-1,-1,-1
181,2,641.00,128.00,175.00,570.00,1.0,-1,-1,-1
181,3,409.00,135.00,260.00,604.00,1.0,-1,-1,-1
182,0,293.00,193.00,144.00,467.00,1.0,-1,-1,-1
182,1,888.00,169.00,155.00,497.00,1.0,-1,-1,-1
182,2,643.00,128.00,173.00,571.00,1.0,-1,-1,-1
182,3,436.00,132.00,246.00,607.00,1.0,-1,-1,-1
183,0,293.00,193.00,148.00,466.00,1.0,-1,-1,-1
183,1,887.00,170.00,156.00,497.00,1.0,-1,-1,-1
183,2,645.00,128.00,170.00,571.00,1.0,-1,-1,-1
183,3,456.00,132.00,249.00,621.00,1.0,-1,-1,-1
184,0,295.00,193.00,148.00,466.00,1.0,-1,-1,-1
184,1,884.00,170.00,159.00,497.00,1.0,-1,-1,-1
184,2,647.00,129.00,167.00,570.00,1.0,-1,-1,-1
184,3,459.00,132.00,262.00,629.00,1.0,-1,-1,-1
185,0,294.00,194.00,148.00,464.00,1.0,-1,-1,-1
185,1,882.00,170.00,161.00,497.00,1.0,-1,-1,-1
185,2,646.00,129.00,168.00,570.00,1.0,-1,-1,-1
185,3,459.00,132.00,266.00,637.00,1.0,-1,-1,-1
186,0,295.00,194.00,143.00,463.00,1.0,-1,-1,-1
186,1,882.00,170.00,161.00,497.00,1.0,-1,-1,-1
186,2,645.00,129.00,168.00,570.00,1.0,-1,-1,-1
186,3,455.00,132.00,261.00,638.00,1.0,-1,-1,-1
187,0,298.00,194.00,145.00,463.00,1.0,-1,-1,-1
187,1,882.00,170.00,160.00,497.00,1.0,-1,-1,-1
187,2,643.00,129.00,169.00,570.00,1.0,-1,-1,-1
187,3,451.00,132.00,250.00,638.00,1.0,-1,-1,-1
188,0,299.00,194.00,148.00,461.00,1.0,-1,-1,-1
188,1,883.00,170.00,159.00,497.00,1.0,-1,-1,-1
188,2,642.00,128.00,170.00,571.00,1.0,-1,-1,-1
188,3,448.00,128.00,233.00,642.00,1.0,-1,-1,-1
189,0,301.00,194.00,148.00,461.00,1.0,-1,-1,-1
189,1,882.00,170.00,158.00,496.00,1.0,-1,-1,-1
189,2,643.00,128.00,169.00,571.00,1.0,-1,-1,-1
189,3,444.00,128.00,217.00,642.00,1.0,-1,-1,-1
